Vorlagen der Lochbilder _ Templates of hole patterns
PYTHA Lab GmbH
www.pytha.com
Version 8
3
4
5
6
7
8
9

11
12
0
0
3
4
5
6
7
8
9
0
11
12
0
0
0
0
0
0
0
1
0
0
1
0
0
25
0
30
5
0
5
32
12
40
60
10
12
200
500
0
5
35
10
9.5
8
5
45
80
80
37
10
10
32
37
32
60
80
8
12
37
50
40
50
15
11
18.5
8
18.5
9.5
5
12
5
10
54
37
50
40
0
0
0
0
0
500
800
500
800
0
32
4
8
40
0
0
1100
1500
1100
1500
1100
1500
40
50
8
10
80
8
10
50
130
10
12
40
70
8
10
0
0
0
0
0
0
0
0
0
0
0
0
0
0
0
0
0
0
0
0
0
0
0
0
0
0
0
0
1
10
3
1
0
0
2
0
2
1
1
2
1
5
2
0
-2
2
3
1
2
3
1
0
0
0
0
0
0
4
5
4
5
0
0
0
0
0
0
0
0
0
0
0
0
0
0
0
0
Dowels_original
Original
D
DD
DDD
DDDD
DDDDD

2
3
4
5
6
7
8
9
10
11
12
0
2
3
4
5
6
7
8
9
10
11
12
0
0
0
0
5
0
1
1
0
0
32
10
436
0
0
12
22
11
5
32
12
40
60
33
12
9
99
0
5
35
10
9.5
8
5
45
80
80
37
10
10
32
37
32
60
80
8
12
37
50
40
50
15
11
18.5
8
18.5
9.5
5
12
5
10
54
37
50
40
0
0
0
0
0
500
800
500
800
0
32
4
8
40
0
0
1100
1500
1100
1500
999
9999
40
50
8
10
80
8
10
50
130
10
12
40
70
8
10
0
0
0
0
0
0
0
0
0
0
0
0
0
0
0
0
0
0
0
0
0
0
0
0
0
0
0
0
1
1
3
1
0
0
2
0
2
1
1
2
1
5
2
0
-2
2
3
1
2
3
1
0
0
0
0
0
0
4
5
4
5
0
0
0
0
0
0
0
PYTHA_PATTERNS_END ---------  this must be the last line
